0 0
1 6
6 6
2 5
1 1
3,7 5,8
6,7 69
2 1,5
0 0
1 6
6 6
2 5
1 1
3,7 5,8
6,7 69
2 1,5
0 0
1 6
6 6
2 5
1 1
3,7 5,8
6,7 69
2 1,5
0 0
1 6
6 6
2 5
1 1
3,7 5,8
6,7 69
2 1,5
0 0
1 6
6 6
2 5
1 1
3,7 5,8
6,7 69
2 1,5
0 0
1 6
6 6
2 5
1 1
3,7 5,8
6,7 69
2 1,5
0 0
1 6
6 6
2 5
1 1
3,7 5,8
6,7 69
2 1,5
0 0
1 6
6 6
2 5
1 1
3,7 5,8
6,7 69
2 1,5
0 0
1 6
6 6
2 5
1 1
3,7 5,8
6,7 69
2 1,5
0 0
1 6
6 6
2 5
1 1
3,7 5,8
6,7 69
2 1,5
0 0
1 6
6 6
2 5
1 1
3,7 5,8
6,7 69
2 1,5
0 0
1 6
6 6
2 5
1 1
3,7 5,8
6,7 69
2 1,5
0 0
1 6
6 6
2 5
1 1
3,7 5,8
6,7 69
2 1,5
0 0
1 6
6 6
2 5
1 1
3,7 5,8
6,7 69
2 1,5
0 0
1 6
6 6
2 5
1 1
3,7 5,8
6,7 69
2 1,5
0 0
1 6
6 6
2 5
1 1
3,7 5,8
6,7 69
2 1,5